0.9745522788446023
0.9364213348661575
0.9140239418816499
0.9566929128049957
0.9268510006465607
0.9768103610495522
0.949952370102668
0.9261179696434279
0.9070937813298657
0.9315280623753233
0.9938213296265873
0.9289581569783922
0.9187844607720052
0.9068176363468607
0.9081371672738399
0.9602482491348105
0.9408724221469011
0.9521365276204303
0.9043862273439375
0.950231284203643
0.9065179336184946
0.9653564029492812
0.9072398332806172
0.9294242032627125
0.9939680538807851
0.9475044865776656
0.9240412510486936
0.9186524142841229
0.9594993623713532
0.919000653494832
0.9552341841340056
0.9443576617815808
0.9309707107902258
0.9647669874398344
0.9681323053388308
0.9387220762288905
0.933995510959044
0.9624024499738585
0.9850596935304062
0.905976337581601
0.9929101133196514
0.9815606696407866
0.9000172740772912
0.9462223652585511
0.992358971168159
0.9095158676604096
0.9119438840189689
0.9219070155418981
0.9941618265299368
0.9000193686571775
0.9957060537908499
0.92358640349848
0.9308762731336797
0.9468911946680403
0.9174508178839874
0.9210186622877008
0.988435723616828
0.9689794034916784
0.9099621043951137
0.9102140018655566
0.9027229443066344
0.986312234871438
0.944852944188626
0.9573028700356527
0.9979447556922452
0.9008748918692728
0.9369824816828779
0.901268362505294
0.9102873585769811
0.9234227285368766
0.9190381998791777
0.9210108881135696
0.9985954753181404
0.9970023812457097
0.9009760207212999
0.9061305871264882
0.9688401581800665
0.9481372613251089
0.9642146181842419
0.9828237883578523
0.9462208406663708
0.9217477305757928
0.9024415470034521
0.9532899572427158
0.985258037217206
0.9727141034196558
0.9363056980345634
0.9571651344993003
0.9225314159983786
0.9027462572082279
0.988503651516487
0.9094772008739314
0.9768760724782491
0.9722842204015482
0.9782557655990883
0.9690986268396783
0.9232788368415354
0.9271764741329506
0.9528699921870349
0.938602058334476
