0;0.5416666667666666;5;4
1;0.6250000000999999;5;5
2;0.5416666667666666;5;4
3;0.5416666666666666;5;4
4;0.45833333343333343;5;3
5;0.4583333333333334;5;3
6;0.4583333333333334;5;3
7;0.5416666667666666;5;4
8;0.6250000000999999;5;5
9;0.5416666667666666;5;4
10;0.45833333343333343;5;3
11;0.5416666667666666;5;4
12;0.5416666666666666;5;4
13;0.45833333343333343;5;3
14;0.41666666676666675;4;3
15;0.45833333343333343;5;3
16;0.41666666676666675;4;3
17;0.41666666666666674;4;3
18;0.41666666666666674;4;3
19;0.41666666666666674;4;3
20;0.37500000010000006;3;3
21;3.9583333334333335;3;4
22;0.37500000010000006;3;3
23;9.125;3;3
24;7.916666666766667;4;3
25;12.208333333433334;5;3
26;0.5416666667666666;5;4
27;24.458333333433334;5;3
28;10.458333333333334;5;3
29;0.5416666667666666;5;4
30;9.958333333433334;5;3
31;0.4583333333333334;5;3
32;0.5416666667666666;5;4
33;0.5416666666666666;5;4
34;0.5000000001;4;4
35;0.5833333334333333;4;5
36;9.083333333333334;4;5
37;0.5000000001;4;4
38;0.5833333334333333;4;5
39;8.833333333333334;4;5
40;0.5833333333333333;4;5
41;0.5000000001;4;4
42;0.4583333334333334;3;4
43;0.5416666667666666;3;5
44;0.5416666666666666;3;5
45;0.5416666666666666;3;5
46;0.5416666666666666;3;5
47;0.5416666666666666;3;5
48;0.5416666666666666;3;5
49;0.5416666666666666;3;5
50;0.4583333334333334;3;4
51;0.45833333333333337;3;4
52;0.5000000001;4;4
53;0.5416666667666666;5;4
54;0.5416666666666666;5;4
55;0.45833333343333343;5;3
56;0.41666666676666675;4;3
57;0.5000000001;4;4
58;0.5833333334333333;4;5
59;0.5000000001;4;4
60;0.5833333334333333;4;5
61;0.5000000001;4;4
62;0.5;4;4
63;0.41666666676666675;4;3
64;0.37500000010000006;3;3
65;0.4583333334333334;3;4
66;0.37500000010000006;3;3
67;0.37500000000000006;3;3
68;0.41666666676666675;4;3
69;0.5000000001;4;4
70;0.41666666676666675;4;3
71;0.41666666666666674;4;3
72;0.41666666666666674;4;3
73;0.41666666666666674;4;3
74;0.37500000010000006;3;3
75;0.41666666676666675;4;3
76;0.41666666666666674;4;3
77;0.41666666666666674;4;3
78;0.5000000001;4;4
79;0.5833333334333333;4;5
80;0.5000000001;4;4
81;0.5;4;4
82;0.41666666676666675;4;3
83;0.41666666666666674;4;3
84;0.5000000001;4;4
85;0.5833333334333333;4;5
86;0.5833333333333333;4;5
87;0.5833333333333333;4;5
88;0.5000000001;4;4
89;0.5;4;4
90;0.4583333334333334;3;4
91;0.45833333333333337;3;4
92;0.5416666667666666;3;5
93;0.5416666666666666;3;5
94;0.4583333334333334;3;4
95;0.45833333333333337;3;4
96;0.37500000010000006;3;3
97;0.4583333334333334;3;4
98;0.45833333333333337;3;4
99;0.5416666667666666;3;5
100;0.5416666666666666;3;5
101;0.4583333334333334;3;4
102;0.37500000010000006;3;3
103;0.37500000000000006;3;3
104;0.41666666676666675;4;3
105;0.45833333343333343;5;3
106;0.4583333333333334;5;3
107;0.41666666676666675;4;3
108;0.5000000001;4;4
109;0.4583333334333334;3;4
110;0.5416666667666666;3;5
111;0.4583333334333334;3;4
112;0.5000000001;4;4
113;0.4583333334333334;3;4
114;0.5416666667666666;3;5
115;0.5416666666666666;3;5
116;0.4583333334333334;3;4
117;0.5416666667666666;3;5
118;0.5416666666666666;3;5
119;0.5416666666666666;3;5
120;0.4583333334333334;3;4
121;0.5000000001;4;4
122;0.5;4;4
123;0.4583333334333334;3;4
124;0.5000000001;4;4
125;0.41666666676666675;4;3
126;0.37500000010000006;3;3
127;0.4583333334333334;3;4
128;0.45833333333333337;3;4
129;0.5000000001;4;4
130;0.5;4;4
131;0.5416666667666666;5;4
132;0.5000000001;4;4
133;0.5416666667666666;5;4
134;0.5000000001;4;4
135;0.5833333334333333;4;5
136;0.5833333333333333;4;5
137;0.5833333333333333;4;5
138;0.5000000001;4;4
139;0.5;4;4
140;0.5;4;4
141;0.5;4;4
142;0.5;4;4
143;0.5416666667666666;5;4
144;0.5000000001;4;4
145;0.5416666667666666;5;4
146;0.5000000001;4;4
147;0.5833333334333333;4;5
148;0.5833333333333333;4;5
149;0.5000000001;4;4
150;0.41666666676666675;4;3
151;0.5000000001;4;4
152;0.5416666667666666;5;4
153;0.5416666666666666;5;4
154;0.45833333343333343;5;3
155;0.41666666676666675;4;3
156;0.41666666666666674;4;3
157;0.41666666666666674;4;3
158;0.41666666666666674;4;3
159;0.5000000001;4;4
160;0.5416666667666666;5;4
161;0.6250000000999999;5;5
162;0.6249999999999999;5;5
163;0.6249999999999999;5;5
164;0.5416666667666666;5;4
165;0.5416666666666666;5;4
166;0.45833333343333343;5;3
167;5.666666666766667;4;3
168;1.8750000001;3;3
169;0.41666666676666675;4;3
170;6.7500000001;4;4
171;3.583333333433333;4;5
172;20.500000000100002;4;4
173;0.5833333334333333;4;5
174;9.583333333333334;4;5
175;0.5833333333333333;4;5
176;10.583333333333334;4;5
177;0.5833333333333333;4;5
178;0.5833333333333333;4;5
179;0.5000000001;4;4
180;0.4583333334333334;3;4
181;26.458333333333332;3;4
182;0.37500000010000006;3;3
183;18.625;3;3
184;0.37500000000000006;3;3
185;0.37500000000000006;3;3
186;0.41666666676666675;4;3
187;0.5000000001;4;4
188;0.4583333334333334;3;4
189;0.5000000001;4;4
190;0.5416666667666666;5;4
191;0.6250000000999999;5;5
192;0.6249999999999999;5;5
193;0.6249999999999999;5;5
194;0.6249999999999999;5;5
195;0.5416666667666666;5;4
196;0.5000000001;4;4
197;0.5833333334333333;4;5
198;0.5833333333333333;4;5
199;0.5833333333333333;4;5
200;0.5000000001;4;4
201;0.5;4;4
202;0.5416666667666666;5;4
203;0.6250000000999999;5;5
204;0.6249999999999999;5;5
205;0.5416666667666666;5;4
206;0.5000000001;4;4
207;0.5416666667666666;5;4
208;0.5416666666666666;5;4
209;0.45833333343333343;5;3
210;0.5416666667666666;5;4
211;0.6250000000999999;5;5
212;0.6249999999999999;5;5
213;0.6249999999999999;5;5
214;0.5416666667666666;5;4
215;0.5416666666666666;5;4
216;0.5000000001;4;4
217;0.5833333334333333;4;5
218;0.5833333333333333;4;5
219;0.5833333333333333;4;5
220;0.5833333333333333;4;5
221;0.5833333333333333;4;5
222;0.5000000001;4;4
223;0.41666666676666675;4;3
224;0.45833333343333343;5;3
225;0.4583333333333334;5;3
226;0.5416666667666666;5;4
227;0.6250000000999999;5;5
228;0.5416666667666666;5;4
229;0.5000000001;4;4
230;0.5833333334333333;4;5
231;0.5833333333333333;4;5
232;0.5000000001;4;4
233;0.5416666667666666;5;4
234;0.45833333343333343;5;3
235;0.41666666676666675;4;3
236;0.37500000010000006;3;3
237;0.41666666676666675;4;3
238;0.41666666666666674;4;3
239;0.37500000010000006;3;3
240;0.4583333334333334;3;4
241;0.45833333333333337;3;4
242;0.5000000001;4;4
243;0.5833333334333333;4;5
244;0.5833333333333333;4;5
245;0.5833333333333333;4;5
246;0.5833333333333333;4;5
247;0.5833333333333333;4;5
248;0.5000000001;4;4
249;0.41666666676666675;4;3
250;0.45833333343333343;5;3
251;0.4583333333333334;5;3
252;0.41666666676666675;4;3
253;0.5000000001;4;4
254;0.4583333334333334;3;4
255;0.37500000010000006;3;3
256;0.37500000000000006;3;3
257;0.41666666676666675;4;3
258;0.5000000001;4;4
259;0.41666666676666675;4;3
260;0.5000000001;4;4
261;0.41666666676666675;4;3
262;0.45833333343333343;5;3
263;0.41666666676666675;4;3
264;0.45833333343333343;5;3
265;0.5416666667666666;5;4
266;0.5416666666666666;5;4
267;0.5000000001;4;4
268;0.5;4;4
269;0.5;4;4
270;0.5416666667666666;5;4
271;0.6250000000999999;5;5
272;0.6249999999999999;5;5
273;0.6249999999999999;5;5
274;0.5416666667666666;5;4
275;0.5416666666666666;5;4
276;0.45833333343333343;5;3
277;0.5416666667666666;5;4
278;0.5416666666666666;5;4
279;0.6250000000999999;5;5
280;0.6249999999999999;5;5
281;0.5416666667666666;5;4
282;0.6250000000999999;5;5
283;0.5416666667666666;5;4
284;0.5416666666666666;5;4
285;0.5416666666666666;5;4
286;0.5000000001;4;4
287;0.5;4;4
288;0.41666666676666675;4;3
289;0.45833333343333343;5;3
290;0.5416666667666666;5;4
291;0.5416666666666666;5;4
292;0.5000000001;4;4
293;0.5;4;4
294;0.4583333334333334;3;4
295;0.5000000001;4;4
296;0.5833333334333333;4;5
297;0.5000000001;4;4
298;0.5416666667666666;5;4
299;0.6250000000999999;5;5
300;0.6249999999999999;5;5
301;0.5416666667666666;5;4
302;0.5000000001;4;4
303;0.41666666676666675;4;3
304;0.37500000010000006;3;3
305;0.37500000000000006;3;3
306;0.37500000000000006;3;3
307;0.41666666676666675;4;3
308;0.37500000010000006;3;3
309;0.4583333334333334;3;4
310;0.5000000001;4;4
311;0.5833333334333333;4;5
312;6.0000000001;4;4
313;0.5833333334333333;4;5
314;10.333333333333334;4;5
315;0.5000000001;4;4
316;16.958333333433334;3;4
317;0.45833333333333337;3;4
318;6.5000000001;4;4
319;4.583333333433333;4;5
320;0.5000000001;4;4
321;0.41666666676666675;4;3
322;6.8750000001;3;3
323;11.958333333433334;3;4
324;0.45833333333333337;3;4
325;0.54